11110011110001101111111010110011
01010101011110000011110110111110
11111010110110101001110001110110
01101110101001111111000011101100
01101000101011100110000000111011
10100111100100010011000000111101
00111110110100101101110110001001
01110010001011001110010101000000
00100011000001000000001000111001
00111010001110100110010011111010
01111101101101100100011010001100
00010100001100101000001011110000
01100111111000100001011000011111
10111001101011111100001111010111
00111110010010100000110111101101
01001101010100001110001110000010
11100100000001010110110011000101
10110011001111111100101100011010
10100101000111001001011010110111
00010001110000101001110001011000
00111000110000100011111101101110
01100101000101001111000110111100
10101001110110011101100000110011
11101111010100000011010010000011
00001000110001110010111010101100
11110110001101111010000001110111
10101001011001101001011101001010
11100110010011101110101000101110
00011111010010111110000010010011
01101011001001101101011011001111
10110010011101010111011010110101
10101100111001001111101110111100
01010010001000111111101010110000
11111100010000000110001110011100
10011001011100101100111101010101
11000101000100111110000011011000
00111111010000000011010000000111
11110001000011000111001111111110
10001001000101001111101001001111
11110100111011100011001101000010
00010110110001010011100100111111
10001111011111011000100110101010
11100001100001000101111011011011
11000011101111101000110101000010
01110011000010110101100010000100
00100011000101110001010001001101
01100111001010001010111011011101
11100000011001111111110010111111
11010110001001000011010111101100
00100110101001101011000000000101
10110110010011011100111111101110
01111000000011101110101000111011
00100001100110000110110101001011
00100001001000100100101111110001
10010011110000000100000111010011
11010000101010111011011010011001
01100110111100011100111110111011
01100000110000110000111010010110
10011100010100111000000010110010
00011100000010010100010010111000
01110011111100100111000011100001
01010010010100011110100110110100
11001110001111001100100111011100
00010000110010110010000011001111
11011010111010000100010111100111
11011011011100111101011001001001
01110110100111010001001000100011
11000011010000010000111100101100
11101001101001110100001000010100
10101110011101001001001100101101
00101111100010100111101000101001
01100001111000000111001111000011
01111011100100111111010001011101
11100000011000101100110000000000
11010011000100000101101111110011
01000111010110101110011100100010
00000000001010100011001010010000
11001010010110001001110101110100
11101000111110011001010101111010
10010010110100100011011001111101
00100100001000000010111111000000
00011100101000100110010101111010
00011011100001111001111110101010
01001001100100000100100101001111
01111100111011110000111101111000
11011111011000001111100000011011
11000010111000001001011011110101
11110011101110111100011101110001
11110011000000000101010111101100
00110000101011100101010100000101
11001001000010001111010001001100
10101001101101011011010111101111
01010000101000111110110110101101
11100010001110100000011110001000
10011101010010101101010111100001
10100101000011100011110111001001
00111011111110011000110101111111
01001110101011101100011101111111
01010110000101100001100011011111
10111111110101000000110101111101
