00101010100100101010010101000101
10101001101110000000111001110111
11100010110011000111111000100010
10110111100101100110001000010101
10010000101001010011111001011010
11110101110011101111010101111010
00000100101010101100001011100001
00110101100110010011011010100110
10100110011111010110000100010010
10011011100000000111100001110000
01001010010110011111110000100101
10001101100001101111001011101111
11101011001100101100001111011001
10010010001001101010111011101111
00000111001111100001100101111000
11011001111011111010011100011111
01001100001010001111101101011011
10011101011001110110100101110010
11011011000011111010110001111110
01010011000100100111111000010100
01111111001011110100011001111101
11011001100111001110100101101100
01110111010111011111010011101001
10011010001100101110000110000010
00000100010110110010101000010010
00010101101110100001101011111101
10000111010101100101100100001101
01111011010011101101110111101011
01000001011110011111100101011000
01000110001110000100011100111010
10010111010101100101110100101100
00111110000001101111110000110111
11011011100000000000001000100001
01101011110101101001000010101011
01000001001110001010110100101110
00101111101110011110010010001100
11001101000100110010101011010000
11110100111001101110100000000001
11110111100101000011100010001101
10010001010111001001011110001111
10000011010100011011011001010110
10110011110000010100101101100000
01001001011100100110011000000001
00001011100100010110110011111001
01010100101110011011000100011000
10100011101100101011111001010111
01000001101011100010101111110110
01111011001000101111011001111110
01110101001111010011100101001111
00110111000011011101011100100011
11110110001100111010110111010111
10000101100001100011101100001110
11001011110011011101011011101110
11001111000000100011010111011100
11011001001110110101101100001010
10010001111101001101000101001001
10100001111111101111111101100100
01001111111001011101100000101111
11110011100001001110111111000010
01011011111100100110101110110111
11111110010100100110000000000111
10001000111101101010110011111110
00101010111001011100011011011000
10111101000111011000001111100101
10100010111010110000100101010111
10100000101101111101101011011000
01111110100111111110000000110000
11100011001011001011001011000001
10111101001101111111111110100110
11000000011010011010010011101100
00110101100000011100101000101001
01000011111110001100110101010001
01101101110010001101101001011000
01110110100010100011010011100000
10000000001001000011110000111110
10011100011001101111000001011111
00001011111000011110010101101001
01101010011001000010111100001001
00001100111101110011111001001100
01010111001101100001101000110111
00101101110010000001100001101111
01011111110010110110001110111110
11100011011010110110100111100000
11011011110110101000000101101101
11011100110101110111111001111110
10001100100111011000000111001010
01000100100111101001101010010011
10101101100010110101100000010100
01101111100011100110011110101001
00100100111111000010101011010000
01010110111101010101101101000100
11011110101100000110100100110110
11110000000101011101100010011101
01100010100001111010010100100100
00011011010010101000100110010111
00001100010100011101110111101101
11011010011100101010101100110111
01110100111000011110000001101111
10110010110111111111101101100100
00111111110110011101001101110000
