00011110010110011010001111111001
11111111001100000100110000110101
11011101101001110001101010011001
00100110001111100101001100000010
11111001010100111001111010010101
10011101011000000010010110111000
01000011011111011010000001101011
10100111110001100001101111100111
11001001100000010110001101001100
11010101101110101101110101101011
11001000000100000100001010110010
10100001101110010111010111011111
01010011000101001101100111111000
01001011110101100111001011000111
01000101100010000010011101100110
00100111010000001000101010100010
00110000001011100110100000100001
01010000101001110011010010001101
10000000001011000100001100110101
01100100110101010001101001101101
10110111111100011000010111101100
00111110101100011101101100101001
00100001001101111100110100011100
10001001100000110001011000000101
00001101001000100101100010111110
00001011111100011011101101110100
00110000101111001111000001010111
01100001100111011100100000011010
01100000110001011101100111101100
10110001010111110001111000001010
01001001110010111101001111100010
11101010111010111111011111110011
00101101101000111111110011010001
01101000000101101111010001001000
11011010101010110111110010000100
11110100110011011100010101100100
00001100010100110101111011010111
11100101111100110101101111111111
10000000101010010011001011011100
10000110010010101100101011010010
10011010000101101110111110010101
01000011001111101101010100001010
00101010111101101100010011011100
11001111010011111111101000111011
11000111110001010000100110011101
11000110110010011101001010100100
10101000110101101101101011010011
01011011100010101111001100111110
01001011011000010110111100111100
01011101101101001000011100101001
10101100100000010111110111000101
11111101100101010010010101001001
11101101011001100100010000111010
11110000001001001000000111001110
01101100111110111001110011011110
01100010101000001000011111100010
00001000111100001100111100011111
10110000101010001110011011000101
10001111110110000111000001110101
01110111111110111011000001110000
01110010010001001101000011101000
11011011010010001001011010110010
11111001001000101001000010110101
11001101111010001010010010110101
01111101110100110100111100111110
01111100001010111011000100100010
11110101001111001111001001010100
10100110011011011100000111101110
10100110110111110100000110111011
01101110110111100011100000011010
01100101000011000100010001010011
10100101110110010100000100010101
11101001010111001100111010110110
01010110111011010000000011100000
01010011001101001001100000110010
11100011110000011101011110000001
00001100000011000001011111111010
00110100101111001100110001111110
11110101111100001101001111000110
11101010000010000101000010110101
01010001111010000100100000110000
01111100011011011100100100111001
11111110111100110000100110001010
00100101011010101100101010111100
01011001110001101000110111110111
01101011111111100111100111100101
00000111011111110011000110001001
10100001010001110001111110000110
01100010100011101011110110010101
01010101101010100111111111010110
00011111111111100100111110010000
10001000011001100001111100100110
01000000101110011100011001001011
01000100110000011010110010101101
10111000100101010101111101111001
10110001011000000001101110110111
00010110011011000011100010110111
11000011100100001010011111101110
00001000111101100001010001000100
11111111101011011110000011101101
